11	94.29
12	94.29
13	94.29
14	94.29
15	94.29
16	94.29
17	94.29
18	94.29
19	94.29
20	94.29
21	94.29
22	94.29
23	94.29
24	94.29
25	94.29
26	94.29
27	94.29
28	94.29
29	95.24
30	96.19
31	96.19
32	96.19
33	96.19
34	96.19
35	96.19
36	96.19
37	96.19
38	95.24
39	93.33
40	93.33
41	93.33
42	93.33
43	93.33
44	93.33
45	93.33
46	93.33
47	93.33
48	93.33
49	93.33
50	95.24
51	97.14
52	97.14
53	97.14
54	97.14
55	97.14
56	97.14
57	97.14
58	97.14
59	98.10
60	97.14
61	96.19
62	96.19
63	96.19
64	96.19
65	95.24
66	94.29
67	91.43
68	89.52
69	87.62
70	85.71
71	85.71
72	85.71
73	85.71
74	85.71
75	85.71
76	85.71
77	85.71
78	85.71
79	85.71
80	85.71
81	88.57
82	89.52
83	89.52
84	89.52
85	89.52
86	87.62
87	86.67
88	85.71
89	87.62
90	89.52
91	91.43
92	91.43
93	91.43
94	91.43
95	91.43
96	91.43
97	91.43
98	91.43
99	91.43
100	91.43
101	90.48
102	87.62
103	84.76
104	81.90
105	79.05
106	76.19
107	76.19
108	75.24
109	76.19
110	75.24
111	74.29
112	73.33
113	72.38
