10 10.460
11 10.291
12 9.363
13 8.079
14 6.892
15 4.986
16 4.024
17 2.774
18 2.247
19 0.806
20 0.440
21 1.182
22 1.538
23 2.570
24 3.156
25 4.179
26 5.369
27 6.472
28 6.747
29 7.930
30 7.793
31 8.428
32 9.221
33 9.980
34 10.111
35 9.289
36 9.263
37 9.479
38 9.786
39 9.300
40 9.638
41 10.781
42 10.698
43 11.919
44 12.453
45 11.842
46 11.156
47 11.502
48 10.399
49 10.438
50 9.754
51 9.472
52 8.878
53 9.004
54 9.906
55 10.395
56 9.541
57 10.043
58 11.223
59 11.703
60 11.443
61 12.732
62 12.061
63 11.521
64 11.454
65 11.693
66 11.462
67 11.317
68 11.083
69 11.148
70 10.619
71 11.079
72 11.613
73 10.986
74 10.458
75 11.371
76 10.915
77 9.898
78 9.215
79 9.961
80 8.819
81 8.836
82 9.384
83 9.754
84 9.803
85 9.308
86 9.085
87 8.659
88 8.650
89 9.404
90 9.620
91 9.710
92 10.683
93 11.521
94 11.917
95 12.032
96 12.958
97 13.222
98 12.068
99 11.880
100 11.274
101 10.925
102 10.548
103 10.949
104 11.321
105 11.448
106 11.032
107 11.243
108 11.642
109 11.325
110 11.896
111 11.688
112 12.512
113 12.091
114 12.025
115 11.341
116 11.087
117 10.779
118 10.761
119 10.440
120 9.430
121 9.533
122 9.098
123 8.501
124 8.671
125 9.963
126 9.405
127 8.597
128 8.997
129 8.505
130 9.371
131 9.209
132 9.657
133 10.069
134 9.931
135 10.175
136 9.555
137 9.091
138 9.230
139 9.010
140 8.957
141 9.132
142 9.352
143 9.073
144 8.367
145 8.827
146 9.193
147 8.821
148 8.842
149 8.204
150 8.294
151 7.906
152 8.468
153 9.126
154 8.734
155 9.746
156 9.871
157 9.934
158 10.297
159 10.766
160 11.557
161 11.788
162 12.184
163 11.976
164 12.276
165 12.105
166 11.960
167 11.831
168 11.368
169 11.328
170 11.361
171 10.603
172 10.283
173 11.054
174 10.779
175 10.458
176 11.031
177 10.935
178 10.417
179 10.031
180 10.492
181 9.718
182 9.529
183 9.681
184 10.033
185 9.610
186 9.682
187 9.402
188 9.441
189 9.251
190 8.575
191 7.597
192 7.069
193 7.072
194 7.892
195 8.128
196 8.843
197 9.307
198 9.835
199 10.651
200 12.112
201 12.635
202 12.856
203 12.351
204 13.099
205 12.613
206 12.091
207 11.699
208 12.010
209 12.167
210 11.791
211 10.447
212 9.852
213 9.319
214 9.019
215 9.006
216 9.029
217 8.870
218 8.238
219 8.360
220 9.141
221 8.971
222 8.778
223 9.107
224 8.665
225 8.896
226 8.626
227 8.726
228 7.926
229 8.157
230 9.144
231 9.079
232 8.791
233 9.525
234 9.321
235 8.448
236 8.429
237 7.807
238 7.214
239 6.209
240 5.982
241 5.512
242 4.379
243 5.245
244 5.444
245 5.788
246 6.075
247 7.164
248 6.819
249 6.957
250 7.316
251 7.699
252 7.604
253 8.318
254 9.507
255 9.326
256 9.474
257 8.472
258 8.272
259 7.461
260 7.764
261 7.812
262 6.849
263 6.277
264 5.956
265 5.792
266 5.166
267 5.805
268 5.676
269 6.069
270 6.985
271 7.850
272 7.948
273 8.001
274 8.323
275 8.910
276 9.731
277 9.917
278 10.048
279 9.193
280 8.850
281 8.781
282 9.441
283 10.306
284 11.229
285 12.551
286 13.045
287 13.665
288 13.674
289 13.221
290 12.411
291 11.320
292 9.984
293 9.171
294 8.157
295 6.599
296 6.521
297 5.846
298 5.781
