11	100.00
12	100.00
13	100.00
14	100.00
15	100.00
16	100.00
17	100.00
18	100.00
19	100.00
20	100.00
21	100.00
22	100.00
23	100.00
24	100.00
25	100.00
26	100.00
27	100.00
28	100.00
29	100.00
30	100.00
31	99.05
32	97.14
33	95.24
34	93.33
35	93.33
36	93.33
37	93.33
38	93.33
39	93.33
40	93.33
41	93.33
42	93.33
43	93.33
44	93.33
45	93.33
46	93.33
47	93.33
48	93.33
49	93.33
50	93.33
51	93.33
52	94.29
53	96.19
54	97.14
55	96.19
56	95.24
57	94.29
58	94.29
59	94.29
60	94.29
61	94.29
62	94.29
63	94.29
64	94.29
65	94.29
66	94.29
67	94.29
68	94.29
69	94.29
70	94.29
71	94.29
72	94.29
73	93.33
74	92.38
75	91.43
76	91.43
77	91.43
78	92.38
79	92.38
80	92.38
81	92.38
82	92.38
83	92.38
84	92.38
85	92.38
86	92.38
87	92.38
88	92.38
89	92.38
90	92.38
91	92.38
92	92.38
93	92.38
94	93.33
95	94.29
96	96.19
97	98.10
98	96.19
99	96.19
100	96.19
101	96.19
102	96.19
103	96.19
104	96.19
105	96.19
106	96.19
107	96.19
108	96.19
109	96.19
110	96.19
111	96.19
112	96.19
113	96.19
114	96.19
115	96.19
116	96.19
117	96.19
118	97.14
