10 10.026
11 9.554
12 8.545
13 8.696
14 8.151
15 8.257
16 8.565
17 8.163
18 8.851
19 8.911
20 9.104
21 9.338
22 9.598
23 9.308
24 9.562
25 9.880
26 10.953
27 12.127
28 12.640
29 12.990
30 12.987
31 13.160
32 12.298
33 11.834
34 11.289
35 11.174
36 10.830
37 9.984
38 9.747
39 9.516
40 9.602
41 9.465
42 9.541
43 9.189
44 8.771
45 8.225
46 8.694
47 8.630
48 7.771
49 7.538
50 6.915
51 6.499
52 6.036
53 6.792
54 6.948
55 7.518
56 7.732
57 7.587
58 8.373
59 8.080
60 8.371
61 7.530
62 7.483
63 6.654
64 6.555
65 6.379
66 6.944
67 6.909
68 6.640
69 6.151
70 5.476
71 5.096
72 5.447
73 5.609
74 5.528
75 5.981
76 6.342
77 5.454
78 5.956
79 6.226
80 7.175
81 7.072
82 7.291
83 6.947
84 6.555
85 6.118
86 6.620
87 6.657
88 7.263
89 7.847
90 8.859
91 8.488
92 9.089
93 9.758
94 10.340
95 10.947
96 12.174
97 12.636
98 12.728
99 12.587
100 12.495
101 12.183
102 11.960
103 11.228
104 10.688
105 9.790
106 9.975
107 9.474
108 10.090
109 10.210
110 11.101
111 11.791
112 12.148
113 11.868
114 11.157
115 10.567
116 9.276
117 8.273
118 8.501
119 8.548
120 9.273
121 10.119
122 10.726
123 10.784
124 11.193
125 10.437
126 10.384
127 10.148
128 10.443
129 10.375
130 10.270
131 11.060
132 11.917
133 12.670
134 12.468
135 13.341
136 13.832
137 13.357
138 12.718
139 11.690
140 11.242
141 11.020
142 11.011
143 11.578
144 11.983
145 12.156
146 11.786
147 10.640
148 10.138
149 9.869
150 8.737
151 7.444
152 6.766
153 6.548
154 7.120
155 6.981
156 6.987
157 7.919
158 7.714
159 6.897
160 6.104
161 6.413
162 5.311
163 4.838
164 5.303
165 6.151
166 6.838
167 7.682
168 8.813
169 9.434
170 10.276
171 10.778
172 11.107
173 10.507
174 10.998
175 11.309
176 10.657
177 11.172
178 11.911
179 12.182
180 11.848
181 12.304
182 12.210
183 10.971
184 10.665
185 10.709
186 10.350
187 10.030
188 10.311
189 9.844
190 9.658
191 9.229
192 8.819
193 8.433
194 8.406
195 8.817
196 8.863
197 8.320
198 8.477
199 8.292
200 7.909
201 8.500
202 8.713
203 8.260
204 7.399
205 7.057
206 6.537
207 5.868
208 5.369
209 6.098
210 6.672
211 6.630
212 6.399
213 6.768
214 7.242
215 7.747
216 8.593
217 8.314
218 8.263
219 7.895
220 8.079
221 8.400
222 8.229
223 8.368
224 7.567
225 7.446
226 7.611
227 8.333
228 7.307
229 7.462
230 7.458
231 7.059
232 6.953
