11	75.24
12	77.14
13	79.05
14	80.95
15	82.86
16	84.76
17	86.67
18	88.57
19	90.48
20	92.38
21	94.29
22	96.19
23	98.10
24	96.19
25	94.29
26	92.38
27	90.48
28	88.57
29	86.67
30	84.76
31	82.86
32	80.95
33	79.05
34	77.14
35	75.24
36	73.33
37	71.43
38	69.52
39	67.62
40	65.71
41	63.81
42	61.90
43	60.00
44	58.10
45	59.05
46	60.00
47	60.00
48	60.00
49	60.00
50	60.00
51	60.00
52	60.00
53	60.00
54	60.00
55	60.00
56	60.00
57	60.00
58	60.00
59	60.00
60	60.00
61	60.00
62	60.00
63	60.00
64	60.00
65	60.00
66	60.00
67	60.00
68	60.00
69	60.00
70	60.00
71	60.00
72	60.00
73	60.00
74	60.00
75	60.00
76	60.00
77	60.00
78	60.00
79	60.00
80	60.00
81	60.00
82	60.00
83	60.00
84	60.00
85	60.00
86	60.00
87	60.00
88	60.00
89	60.00
90	60.00
91	60.00
92	60.00
93	60.00
94	60.00
95	60.00
96	60.00
97	60.00
98	60.00
99	60.00
100	60.00
101	60.00
102	60.00
103	60.00
104	60.00
105	60.00
106	60.00
107	60.00
108	60.00
109	60.00
110	60.00
111	60.00
112	60.00
113	60.00
114	60.00
115	60.00
116	60.00
117	60.00
118	60.00
119	60.00
120	60.00
121	60.00
122	60.00
123	60.00
124	60.00
125	60.00
126	60.00
127	57.14
128	54.29
129	51.43
130	48.57
131	45.71
132	42.86
133	40.00
134	37.14
135	34.29
136	31.43
137	28.57
138	25.71
139	24.76
140	24.76
141	24.76
142	24.76
143	24.76
144	24.76
145	24.76
146	24.76
147	24.76
148	25.71
149	30.48
150	35.24
151	40.00
152	44.76
153	49.52
154	52.38
155	57.14
156	61.90
157	66.67
158	71.43
159	76.19
160	79.05
161	80.95
162	82.86
163	84.76
164	86.67
165	88.57
166	90.48
167	92.38
168	94.29
169	96.19
170	95.24
171	94.29
172	93.33
173	92.38
174	91.43
175	92.38
176	91.43
177	90.48
178	89.52
179	87.62
180	86.67
181	86.67
182	86.67
183	86.67
184	86.67
185	86.67
186	86.67
187	86.67
188	86.67
189	86.67
190	88.57
191	89.52
192	90.48
193	91.43
194	92.38
195	93.33
196	94.29
197	95.24
198	96.19
199	97.14
200	96.19
201	94.29
202	92.38
203	91.43
204	90.48
205	89.52
206	88.57
207	87.62
208	86.67
209	85.71
210	84.76
211	83.81
212	82.86
213	81.90
214	80.95
215	80.00
216	79.05
217	78.10
218	77.14
219	76.19
220	75.24
221	77.14
222	79.05
223	80.00
224	80.00
225	80.00
226	80.00
227	80.00
228	80.00
229	80.00
230	80.00
231	80.00
232	80.00
233	80.00
234	79.05
235	77.14
236	75.24
237	75.24
238	75.24
239	75.24
240	75.24
241	75.24
242	76.19
243	77.14
244	78.10
245	79.05
246	80.00
247	80.95
248	81.90
249	82.86
250	83.81
251	84.76
252	85.71
253	86.67
254	87.62
255	89.52
256	92.38
257	95.24
258	95.24
259	95.24
260	95.24
261	95.24
262	95.24
263	94.29
264	93.33
265	92.38
266	91.43
267	88.57
268	88.57
269	88.57
270	88.57
271	88.57
272	88.57
273	88.57
274	88.57
275	88.57
276	88.57
277	88.57
278	88.57
279	89.52
280	90.48
281	91.43
282	92.38
283	93.33
284	94.29
285	95.24
286	96.19
287	96.19
288	97.14
289	96.19
290	95.24
291	94.29
292	93.33
293	92.38
294	91.43
295	90.48
296	89.52
297	88.57
298	87.62
299	86.67
300	85.71
301	84.76
302	83.81
303	82.86
304	81.90
305	80.95
306	80.00
307	79.05
308	79.05
309	80.00
310	80.00
311	80.00
312	80.00
313	80.00
314	80.00
315	80.00
316	80.00
317	80.00
318	80.00
319	80.00
320	80.00
321	80.00
322	80.00
323	80.00
324	80.00
325	80.00
