11	100.00
12	100.00
13	100.00
14	100.00
15	100.00
16	100.00
17	100.00
18	100.00
19	100.00
20	100.00
21	100.00
22	100.00
23	100.00
24	100.00
25	100.00
26	100.00
27	100.00
28	100.00
29	100.00
30	100.00
31	100.00
32	100.00
33	100.00
34	100.00
35	100.00
36	100.00
37	100.00
38	100.00
39	100.00
40	100.00
41	100.00
42	100.00
43	100.00
44	100.00
45	100.00
46	100.00
47	100.00
48	100.00
49	100.00
50	100.00
51	100.00
52	100.00
53	100.00
54	100.00
55	100.00
56	100.00
57	100.00
58	100.00
59	100.00
60	100.00
61	100.00
62	100.00
63	100.00
64	100.00
65	100.00
66	100.00
67	100.00
68	100.00
69	100.00
70	100.00
71	100.00
72	100.00
73	100.00
74	100.00
75	100.00
76	100.00
77	100.00
78	100.00
79	100.00
80	100.00
81	100.00
82	100.00
83	100.00
84	100.00
85	100.00
86	100.00
87	100.00
88	100.00
89	100.00
90	100.00
91	100.00
92	100.00
93	100.00
94	100.00
95	100.00
96	100.00
97	100.00
98	100.00
99	100.00
100	100.00
101	100.00
102	100.00
103	100.00
104	100.00
105	100.00
106	100.00
107	100.00
108	100.00
109	100.00
110	100.00
111	100.00
112	100.00
113	100.00
114	100.00
115	100.00
116	100.00
117	100.00
118	100.00
119	100.00
120	100.00
121	100.00
122	100.00
123	100.00
124	100.00
125	100.00
126	100.00
127	100.00
128	100.00
129	100.00
130	100.00
131	100.00
132	100.00
133	100.00
134	100.00
135	100.00
136	100.00
137	100.00
138	100.00
139	100.00
140	100.00
141	100.00
142	100.00
143	100.00
144	100.00
145	100.00
146	100.00
147	100.00
148	100.00
149	100.00
150	100.00
151	100.00
152	100.00
153	100.00
154	100.00
155	100.00
156	100.00
157	100.00
158	100.00
159	100.00
160	100.00
161	100.00
162	100.00
163	100.00
164	100.00
165	100.00
166	99.05
167	97.14
168	95.24
169	93.33
170	91.43
171	91.43
172	91.43
173	91.43
174	91.43
175	91.43
176	91.43
177	91.43
178	91.43
179	91.43
180	91.43
181	91.43
182	91.43
183	91.43
184	91.43
185	91.43
186	91.43
187	92.38
188	94.29
189	95.24
190	96.19
191	97.14
192	96.19
193	96.19
194	96.19
195	96.19
196	96.19
197	96.19
198	96.19
199	96.19
200	96.19
201	96.19
202	96.19
203	96.19
204	96.19
205	96.19
206	96.19
207	96.19
208	96.19
209	96.19
210	97.14
211	98.10
212	99.05
213	100.00
214	99.05
215	96.19
216	92.38
217	88.57
218	84.76
219	80.95
220	77.14
221	73.33
222	72.38
223	72.38
224	72.38
225	72.38
226	72.38
227	72.38
228	72.38
229	72.38
230	72.38
231	72.38
232	72.38
233	72.38
234	72.38
235	73.33
236	75.24
237	78.10
238	80.95
239	83.81
240	86.67
241	89.52
242	92.38
243	90.48
244	87.62
245	85.71
246	85.71
247	85.71
248	85.71
249	85.71
250	85.71
251	83.81
252	81.90
253	79.05
254	79.05
255	79.05
256	79.05
257	80.00
258	80.95
259	81.90
260	82.86
261	83.81
262	84.76
263	85.71
264	88.57
265	91.43
266	93.33
267	93.33
268	93.33
269	93.33
270	93.33
271	93.33
272	93.33
273	93.33
274	94.29
275	93.33
276	93.33
277	93.33
278	93.33
279	92.38
280	90.48
281	89.52
282	89.52
283	89.52
284	89.52
285	89.52
286	89.52
287	89.52
288	89.52
289	89.52
290	89.52
291	89.52
292	89.52
293	91.43
294	93.33
295	95.24
296	96.19
297	96.19
298	96.19
299	96.19
300	97.14
301	96.19
302	96.19
303	96.19
304	96.19
305	96.19
306	96.19
307	96.19
308	93.33
309	90.48
310	90.48
311	90.48
312	90.48
313	90.48
314	90.48
315	90.48
316	90.48
317	90.48
318	90.48
319	90.48
320	90.48
321	90.48
322	93.33
323	94.29
324	94.29
325	94.29
326	94.29
327	94.29
328	94.29
329	95.24
330	97.14
331	97.14
332	97.14
333	97.14
334	96.19
335	96.19
336	96.19
337	96.19
338	96.19
339	96.19
340	96.19
341	96.19
342	96.19
343	96.19
344	96.19
345	96.19
346	96.19
347	96.19
348	96.19
349	96.19
350	98.10
351	99.05
352	99.05
353	98.10
354	96.19
355	94.29
356	94.29
357	94.29
358	94.29
359	94.29
360	94.29
361	94.29
