10 1.833
11 1.521
12 1.291
13 1.644
14 2.327
15 2.724
16 4.069
17 4.689
18 5.934
19 6.251
20 6.885
21 7.694
22 8.558
23 9.522
24 10.018
25 9.907
26 9.738
27 10.693
28 10.683
29 10.298
30 10.977
31 11.082
32 10.922
33 11.176
34 11.167
35 10.611
36 10.374
37 9.746
38 9.918
39 9.214
40 9.578
41 9.192
42 8.535
43 8.822
44 9.282
45 9.584
46 9.546
47 10.372
48 10.774
49 10.260
50 10.170
51 9.401
52 9.631
53 9.773
54 10.476
55 10.440
56 10.080
57 9.052
58 8.325
59 7.411
60 7.427
61 7.741
62 8.830
63 10.319
64 11.449
65 11.897
66 12.298
67 12.037
68 11.873
69 11.815
70 11.729
71 11.744
72 12.276
73 12.921
74 13.249
75 13.579
76 13.951
77 13.939
78 13.749
79 13.945
80 13.248
81 12.574
82 11.213
83 10.469
84 9.711
85 8.332
86 8.110
87 7.417
88 7.287
89 7.333
90 7.659
91 7.860
92 8.337
93 8.935
94 9.232
95 10.113
96 10.355
97 10.430
98 10.358
99 10.142
100 10.537
101 10.662
102 10.418
103 10.420
104 10.718
105 10.489
106 10.368
107 10.421
108 10.510
109 10.162
110 11.016
111 11.068
112 11.862
113 12.213
114 12.186
115 12.686
116 12.771
117 12.790
118 13.751
119 13.807
120 14.279
121 14.582
122 15.031
123 15.358
124 15.069
125 15.646
126 14.733
127 14.413
128 14.228
129 13.185
130 12.875
131 12.089
132 11.407
133 11.158
134 10.090
135 9.922
136 10.858
137 10.521
138 10.529
139 10.712
140 10.445
141 9.818
142 9.244
143 8.698
144 7.827
145 7.662
146 6.991
147 7.486
148 7.230
149 7.153
150 8.310
151 9.009
152 9.237
153 10.278
154 10.541
155 10.320
156 11.414
157 11.559
158 12.014
159 12.136
160 12.707
161 12.895
162 13.243
163 13.098
164 12.433
165 12.042
166 11.052
167 10.276
168 9.659
169 8.908
170 8.019
171 7.414
172 6.647
173 6.452
174 6.713
175 6.975
176 6.956
177 6.767
178 7.630
179 7.459
180 7.906
181 7.773
182 7.567
183 8.100
184 7.801
185 7.402
186 8.204
187 8.284
188 8.133
189 8.716
190 8.990
191 9.202
192 8.761
193 8.431
194 8.173
195 9.049
196 9.742
197 10.148
198 10.461
199 10.763
200 11.386
201 12.121
202 11.591
203 11.935
204 11.468
205 10.460
206 10.428
207 11.072
208 11.447
209 11.636
210 12.416
211 12.268
212 11.965
213 11.447
214 11.655
215 11.563
216 11.249
217 10.648
218 9.861
219 8.717
220 8.806
221 8.199
222 8.006
223 7.624
224 7.436
225 6.333
226 6.393
227 5.321
228 5.887
229 5.229
230 5.922
231 5.574
232 5.805
233 5.245
234 5.596
235 5.481
236 5.935
237 6.212
238 7.633
239 7.884
240 8.331
241 8.383
242 9.271
243 9.879
244 10.811
245 10.843
246 10.778
247 10.013
248 9.932
249 9.380
250 10.136
251 9.898
252 9.998
253 9.908
254 10.982
255 10.926
256 10.936
257 10.328
258 9.756
259 9.374
260 8.683
261 8.675
262 7.599
263 6.640
264 6.424
265 6.102
266 5.522
267 5.563
268 5.441
269 5.307
270 5.901
271 6.203
272 6.805
273 6.372
274 7.106
275 6.714
276 6.961
277 6.640
278 7.279
279 7.232
280 6.509
281 6.261
282 6.561
283 6.248
284 6.941
285 7.889
286 8.094
287 9.122
288 9.779
289 10.111
290 10.610
291 10.349
292 10.450
293 10.525
294 11.190
295 10.600
296 10.857
297 10.761
298 10.424
299 10.326
300 10.490
301 10.387
302 10.464
303 10.104
304 9.155
305 8.770
306 8.268
307 7.951
308 8.350
309 9.110
310 9.604
311 10.701
312 10.725
313 10.977
314 11.059
315 11.919
316 12.273
317 12.311
318 11.365
319 10.507
320 9.332
321 8.480
322 7.732
323 7.496
324 7.674
325 7.416
326 8.216
327 8.382
328 8.405
329 9.038
330 8.158
331 8.635
332 8.582
333 8.660
334 7.635
335 7.197
336 6.866
337 7.343
338 6.921
339 6.597
340 6.831
341 6.860
342 6.615
343 6.461
344 7.419
345 7.998
346 9.142
347 10.566
348 10.907
349 11.965
350 12.083
351 11.436
352 10.729
353 9.845
354 9.666
355 10.186
356 10.263
357 11.021
358 11.319
359 11.095
360 11.562
361 11.256
362 10.849
363 9.516
364 7.970
365 6.732
