10 9.740
11 9.228
12 8.469
13 8.506
14 7.898
15 7.915
16 8.138
17 7.652
18 8.281
19 8.310
20 8.486
21 8.724
22 8.993
23 8.736
24 9.018
25 9.376
26 10.528
27 11.792
28 12.380
29 13.173
30 13.182
31 13.160
32 12.298
33 11.834
34 11.289
35 11.174
36 10.830
37 9.984
38 9.747
39 9.516
40 9.602
41 9.465
42 9.541
43 9.189
44 8.771
45 8.225
46 8.694
47 8.630
48 7.771
49 7.826
50 7.215
51 6.796
52 6.353
53 6.360
54 6.449
55 6.963
56 7.098
57 6.910
58 7.620
59 7.241
60 7.442
61 6.566
62 6.500
63 5.652
64 5.629
65 5.554
66 6.227
67 6.284
68 5.879
69 5.482
70 4.884
71 4.585
72 5.447
73 5.609
74 5.528
75 5.981
76 6.342
77 5.454
78 5.956
79 6.226
80 7.175
81 7.072
82 7.291
83 6.947
84 6.555
85 6.118
86 6.620
87 6.657
88 7.263
89 7.847
90 8.859
91 8.488
92 9.089
93 9.758
94 10.340
95 10.947
96 12.174
97 12.372
98 12.501
99 12.431
100 12.437
101 12.257
102 12.182
103 11.602
104 11.199
105 10.403
106 10.629
107 10.095
108 10.616
109 10.598
110 11.333
111 11.870
112 12.086
113 11.695
114 10.911
115 10.295
116 9.276
117 8.273
118 8.501
119 8.548
120 9.273
121 10.119
122 10.726
123 10.784
124 11.193
125 10.437
126 10.384
127 10.148
128 10.443
129 10.375
130 10.270
131 11.060
132 11.917
133 12.670
134 12.468
135 13.341
136 13.832
137 13.357
138 12.718
139 11.690
140 11.242
141 11.020
142 11.011
143 11.578
144 11.983
145 12.156
146 11.786
147 10.640
148 10.138
149 9.869
150 8.737
151 7.444
152 6.766
153 6.548
154 7.120
155 6.981
156 6.987
157 7.919
158 7.714
159 6.897
160 6.104
161 6.413
162 5.311
163 4.838
164 5.303
165 6.151
166 6.838
167 7.682
168 8.813
169 9.434
170 10.276
171 10.778
172 11.487
173 10.512
174 10.841
175 10.907
176 9.908
177 10.007
178 10.341
179 10.219
180 9.671
181 9.957
182 9.786
183 8.644
184 8.603
185 9.012
186 8.415
187 8.249
188 9.189
189 9.066
190 9.249
191 8.951
192 9.157
193 8.895
194 8.988
195 9.475
196 9.496
197 8.977
198 9.063
199 8.710
200 8.125
201 8.446
202 8.459
203 7.812
204 6.960
205 7.396
206 6.800
207 5.868
208 5.369
209 6.098
210 6.672
211 6.630
212 6.399
213 6.768
214 7.242
215 7.747
216 8.593
217 8.314
218 8.449
219 8.121
220 8.344
221 8.709
222 8.585
223 8.773
224 8.046
225 7.974
226 8.220
227 8.912
228 7.944
229 7.746
230 7.737
231 7.356
232 7.318
233 7.217
