10 6.068
11 5.952
12 5.694
13 5.136
14 5.726
15 6.355
16 6.426
17 6.755
18 6.640
19 5.592
20 6.228
21 5.983
22 5.931
23 6.155
24 7.130
25 8.467
26 9.101
27 9.933
28 10.649
29 11.604
30 11.330
31 12.594
32 13.098
33 12.761
34 12.538
35 12.236
36 11.630
37 11.531
38 11.476
39 9.986
40 9.208
41 8.467
42 8.306
43 7.611
44 7.330
45 7.600
46 7.453
47 7.349
48 6.321
49 6.231
50 5.335
51 5.179
52 5.413
53 5.376
54 5.870
55 6.354
56 6.296
57 6.073
58 6.732
59 6.364
60 6.436
61 6.796
62 7.427
63 7.918
64 8.590
65 9.080
66 9.253
67 9.570
68 9.316
69 8.964
70 8.552
71 7.626
72 6.534
73 5.797
74 4.684
75 4.526
76 4.451
77 4.393
78 4.431
79 4.565
80 5.563
81 6.261
82 6.478
83 6.111
84 5.861
85 6.188
86 6.579
87 7.081
88 7.522
89 7.332
90 7.625
91 8.484
92 8.840
93 9.001
94 9.655
95 10.565
96 10.132
97 10.131
98 10.543
99 10.321
100 9.770
101 9.425
102 9.038
103 8.282
104 7.511
105 6.475
106 5.825
107 5.683
108 6.552
109 7.565
110 8.117
111 8.226
112 8.817
113 7.723
114 7.239
115 7.879
116 8.585
117 8.894
118 8.851
119 9.807
120 10.218
121 11.104
122 12.230
123 13.397
124 14.472
125 15.075
126 15.759
127 15.376
128 14.683
129 14.454
130 14.071
131 13.308
132 13.293
133 13.090
134 12.903
135 12.128
136 12.205
137 12.888
138 13.022
139 12.908
140 13.120
141 13.553
142 13.266
143 12.952
144 13.345
145 13.497
146 13.813
147 14.476
148 14.640
149 14.012
150 14.043
151 13.978
152 13.653
153 13.027
154 13.181
155 12.908
156 12.074
157 12.055
158 12.633
159 12.713
160 12.620
161 12.572
162 12.390
163 11.865
164 11.347
165 11.250
166 11.863
167 12.075
168 12.167
169 11.617
170 11.680
171 11.729
172 11.734
173 11.482
174 10.512
175 9.774
176 8.378
177 6.621
178 5.285
179 4.032
180 3.344
181 2.866
182 1.513
183 1.716
184 1.299
185 0.526
186 0.312
187 0.272
188 0.396
189 0.045
190 -0.206
191 0.310
192 -0.075
193 0.667
194 1.502
195 2.576
196 3.469
197 4.628
198 5.920
199 6.520
200 6.860
201 7.874
202 8.117
203 8.541
204 8.618
205 8.461
206 8.377
207 8.170
208 8.194
209 7.131
210 6.019
211 6.031
212 5.041
213 5.039
214 5.076
215 6.292
216 5.929
217 6.060
218 6.476
219 6.493
220 6.140
221 6.024
222 5.914
223 6.640
224 6.927
225 7.131
226 8.285
227 7.877
228 8.515
229 7.948
230 7.185
231 7.110
232 5.732
233 4.904
234 4.906
235 5.692
236 5.837
237 5.469
238 5.669
239 5.699
240 5.544
241 5.231
242 4.356
243 4.616
244 4.868
245 4.120
246 3.422
247 3.079
248 3.045
249 3.285
250 2.840
251 3.885
252 4.627
253 4.510
254 5.205
255 5.972
256 6.735
257 7.016
258 7.452
259 7.406
260 7.141
261 6.533
262 6.385
263 5.999
264 5.587
265 5.376
266 4.194
267 3.864
268 2.610
269 1.965
270 1.444
271 0.745
272 1.023
273 0.596
274 1.249
275 1.789
276 2.224
277 3.116
278 4.094
279 4.659
280 5.190
281 5.825
282 6.526
283 7.373
284 7.578
285 8.030
286 7.562
287 7.632
288 7.579
289 6.741
290 6.340
291 5.501
292 5.641
293 4.701
294 4.481
295 4.703
296 4.225
297 3.512
298 3.536
299 2.986
300 2.132
301 1.342
302 0.934
303 0.912
304 0.903
305 1.158
306 1.340
307 1.126
308 1.034
309 2.120
310 2.950
311 3.228
312 4.376
313 5.309
314 5.680
315 6.746
316 7.058
317 6.991
318 7.016
319 6.477
320 5.966
321 5.549
322 4.775
323 4.092
324 2.804
325 1.768
326 1.596
327 1.932
328 0.872
329 0.898
330 1.576
331 1.870
332 2.457
333 2.810
334 3.193
335 4.458
336 5.152
337 5.718
338 7.115
339 7.529
340 7.946
341 8.741
342 8.051
343 8.242
344 8.183
345 8.000
346 6.975
347 6.533
348 5.839
349 4.893
350 3.826
351 2.849
352 2.415
353 1.464
354 0.572
355 0.725
356 1.168
357 0.949
358 1.920
359 2.485
360 2.963
361 4.387
362 6.516
363 8.126
