10 7.947
11 7.699
12 6.152
13 4.661
14 3.978
15 3.130
16 2.033
17 1.380
18 1.064
19 0.143
20 -1.011
21 -1.437
22 -1.308
23 -1.288
24 -1.092
25 -0.344
26 0.632
27 1.524
28 1.960
29 2.331
30 2.948
31 3.897
32 4.195
33 5.510
34 6.156
35 6.780
36 8.094
37 9.038
38 9.686
39 10.200
40 11.286
41 11.762
42 11.981
43 12.676
44 13.026
45 12.990
46 12.974
47 13.864
48 13.894
49 12.868
50 12.364
51 13.403
52 13.262
53 13.415
54 13.695
55 12.746
56 12.088
57 11.859
58 11.181
59 10.475
60 9.518
61 9.453
62 9.118
63 8.438
64 8.924
65 9.453
66 9.371
67 9.788
68 10.136
69 10.776
70 11.467
71 11.233
72 11.489
73 11.787
74 12.457
75 11.764
76 10.773
77 11.198
78 10.769
79 10.303
80 10.302
81 9.956
82 10.464
83 10.261
84 11.139
85 11.073
86 10.918
87 11.227
88 10.780
89 10.651
90 10.541
91 10.922
92 11.133
93 10.453
94 10.488
95 10.219
96 10.053
97 9.740
98 10.272
99 10.016
100 9.282
101 8.373
102 8.511
103 8.627
104 9.703
105 9.882
106 9.780
107 10.471
108 9.935
109 10.431
110 10.720
111 10.900
112 10.969
113 11.774
114 13.069
115 13.026
116 13.486
117 13.265
118 12.727
119 13.703
120 13.663
121 13.513
122 13.330
123 13.023
124 12.960
125 13.135
126 12.970
127 12.492
128 12.721
129 11.812
130 10.802
131 10.807
132 10.462
133 9.260
134 9.237
135 9.257
136 9.679
137 10.548
138 9.632
139 10.340
140 9.979
141 9.173
142 9.242
143 9.925
144 9.485
145 8.951
146 8.880
147 8.033
148 8.133
149 7.504
150 6.546
151 5.277
152 4.794
153 3.763
154 3.817
155 3.568
156 2.687
157 3.066
158 3.211
159 3.565
160 3.582
161 2.798
162 1.873
163 2.115
164 2.324
165 2.350
166 2.409
167 2.205
168 2.561
169 2.696
170 2.729
171 2.610
172 1.910
173 0.735
174 -0.239
175 0.320
176 0.429
177 0.307
178 0.744
179 1.338
180 2.059
181 3.133
182 3.375
183 4.325
184 5.050
185 5.301
186 5.649
187 4.987
188 5.004
189 5.528
190 5.653
191 5.763
192 6.115
193 5.737
194 4.627
195 3.822
196 3.241
197 2.955
198 2.648
199 2.093
200 1.903
201 1.754
202 1.231
203 0.936
204 0.866
205 0.760
206 0.911
207 0.388
208 0.339
209 0.744
210 1.288
211 1.306
212 2.381
213 3.416
214 4.091
215 4.737
216 5.416
217 6.361
218 7.356
219 7.591
220 8.363
221 8.867
222 9.158
223 8.698
224 9.021
225 8.690
226 8.638
227 8.136
228 7.039
229 7.030
230 7.301
231 7.472
232 7.930
233 8.728
234 9.044
235 8.606
236 9.170
237 9.659
238 9.613
239 9.277
240 9.101
241 8.046
242 8.696
243 8.168
244 8.278
245 8.097
246 7.049
247 6.860
248 5.744
249 4.449
250 3.388
251 2.712
252 2.758
253 2.774
254 2.397
255 1.606
256 0.944
257 0.872
258 0.475
259 -0.136
260 0.240
261 -0.091
262 -0.369
263 -0.578
264 -0.352
265 -0.268
266 -0.416
267 0.109
268 0.289
269 0.750
270 0.981
271 0.785
272 1.538
273 2.340
274 2.623
275 2.901
276 3.387
277 3.971
278 4.357
279 5.066
280 4.892
281 5.031
282 4.954
283 4.212
284 3.694
285 3.046
286 2.516
287 2.209
288 1.357
289 1.180
290 0.717
291 -0.090
292 -0.152
293 -0.183
294 -0.195
295 -0.368
296 0.396
297 1.420
298 1.607
299 2.633
300 3.271
301 3.613
302 4.467
303 4.686
304 5.054
305 4.454
306 3.900
307 3.376
308 3.618
309 3.586
310 4.066
311 4.310
312 4.911
313 5.057
314 5.732
315 5.578
316 5.193
317 5.327
318 5.795
319 7.070
320 8.226
321 8.208
322 8.188
323 7.219
324 7.077
325 7.050
326 7.988
327 7.125
328 6.767
329 6.274
330 5.904
331 5.040
332 4.659
333 3.320
334 2.581
335 2.074
336 1.116
337 -0.159
338 -1.413
339 -2.633
340 -2.365
341 -2.665
342 -2.470
343 -2.919
344 -3.293
345 -4.300
346 -3.642
347 -2.454
348 -1.515
349 -0.940
350 -0.406
351 1.094
352 2.634
353 4.389
354 5.167
355 5.953
356 6.227
