11	94.29
12	94.29
13	94.29
14	94.29
15	94.29
16	94.29
17	94.29
18	94.29
19	94.29
20	94.29
21	94.29
22	94.29
23	94.29
24	94.29
25	94.29
26	94.29
27	94.29
28	94.29
29	95.24
30	96.19
31	96.19
32	96.19
33	96.19
34	96.19
35	96.19
36	96.19
37	96.19
38	96.19
39	94.29
40	94.29
41	94.29
42	94.29
43	94.29
44	94.29
45	94.29
46	94.29
47	94.29
48	94.29
49	94.29
50	96.19
51	98.10
52	98.10
53	98.10
54	98.10
55	98.10
56	98.10
57	98.10
58	98.10
59	98.10
60	99.05
61	97.14
62	96.19
63	96.19
64	96.19
65	95.24
66	94.29
67	90.48
68	86.67
69	83.81
70	80.95
71	80.00
72	79.05
73	79.05
74	79.05
75	79.05
76	79.05
77	79.05
78	79.05
79	79.05
80	79.05
81	80.00
82	81.90
83	82.86
84	82.86
85	82.86
86	80.95
87	80.00
88	80.00
89	83.81
90	86.67
91	89.52
92	90.48
93	91.43
94	91.43
95	91.43
96	91.43
97	91.43
98	91.43
99	90.48
100	89.52
101	88.57
102	85.71
103	82.86
104	80.00
105	77.14
106	74.29
107	74.29
108	73.33
109	74.29
110	73.33
111	72.38
112	71.43
113	70.48
