11	97.14
12	97.14
13	97.14
14	97.14
15	97.14
16	97.14
17	97.14
18	97.14
19	97.14
20	97.14
21	97.14
22	97.14
23	97.14
24	97.14
25	97.14
26	97.14
27	97.14
28	97.14
29	97.14
30	97.14
31	97.14
32	97.14
33	96.19
34	96.19
35	96.19
36	96.19
37	96.19
38	96.19
39	96.19
40	96.19
41	96.19
42	96.19
43	96.19
44	96.19
45	98.10
46	99.05
47	99.05
48	99.05
49	99.05
50	99.05
51	99.05
52	99.05
53	99.05
54	100.00
55	98.10
56	98.10
57	98.10
58	98.10
59	98.10
60	98.10
61	98.10
62	95.24
63	93.33
64	91.43
65	89.52
66	89.52
67	89.52
68	89.52
69	89.52
70	89.52
71	89.52
72	89.52
73	89.52
74	89.52
75	89.52
76	91.43
77	91.43
78	91.43
79	91.43
80	90.48
81	87.62
82	86.67
83	85.71
84	87.62
85	89.52
86	91.43
87	91.43
88	91.43
89	91.43
90	91.43
91	91.43
92	91.43
93	91.43
94	91.43
95	91.43
96	91.43
97	89.52
98	86.67
99	83.81
100	80.95
101	79.05
102	79.05
103	77.14
104	78.10
105	77.14
106	76.19
107	75.24
108	74.29
