11	100.00
12	100.00
13	100.00
14	100.00
15	100.00
16	100.00
17	100.00
18	100.00
19	100.00
20	100.00
21	100.00
22	100.00
23	100.00
24	100.00
25	100.00
26	100.00
27	100.00
28	100.00
29	100.00
30	100.00
31	100.00
32	100.00
33	100.00
34	100.00
35	100.00
36	100.00
37	100.00
38	100.00
39	100.00
40	100.00
41	100.00
42	100.00
43	100.00
44	100.00
45	100.00
46	100.00
47	100.00
48	100.00
49	100.00
50	100.00
51	100.00
52	100.00
53	100.00
54	100.00
55	100.00
56	100.00
57	100.00
58	100.00
59	100.00
60	100.00
61	100.00
62	100.00
63	100.00
64	100.00
65	100.00
66	100.00
67	100.00
68	100.00
69	100.00
70	100.00
71	100.00
72	100.00
73	100.00
74	100.00
75	100.00
76	100.00
77	100.00
78	100.00
79	100.00
80	100.00
81	100.00
82	100.00
83	100.00
84	100.00
85	100.00
86	100.00
87	100.00
88	100.00
89	100.00
90	100.00
91	100.00
92	100.00
93	100.00
94	100.00
95	100.00
96	100.00
97	100.00
98	100.00
99	100.00
100	100.00
101	100.00
102	100.00
103	100.00
104	100.00
105	100.00
106	100.00
107	100.00
108	100.00
109	100.00
110	100.00
111	100.00
112	100.00
113	100.00
114	100.00
115	100.00
116	100.00
117	100.00
118	100.00
119	100.00
120	100.00
121	100.00
122	100.00
123	100.00
124	100.00
125	100.00
126	100.00
127	100.00
128	100.00
129	100.00
130	100.00
131	100.00
132	100.00
133	100.00
134	100.00
135	100.00
136	100.00
137	100.00
138	100.00
139	100.00
140	100.00
141	100.00
142	100.00
143	100.00
144	100.00
145	100.00
146	100.00
147	100.00
148	100.00
149	100.00
150	100.00
151	100.00
152	100.00
153	100.00
154	100.00
155	100.00
156	100.00
157	100.00
158	100.00
159	100.00
160	100.00
161	100.00
162	100.00
163	100.00
164	100.00
165	100.00
166	100.00
167	100.00
168	100.00
169	100.00
170	100.00
171	100.00
172	100.00
173	100.00
174	100.00
175	100.00
176	100.00
177	100.00
178	100.00
179	100.00
180	100.00
181	100.00
182	100.00
183	100.00
184	100.00
185	100.00
186	100.00
187	100.00
188	100.00
189	99.05
190	97.14
191	95.24
192	93.33
193	91.43
194	89.52
195	87.62
196	85.71
197	83.81
198	81.90
199	80.00
200	78.10
201	76.19
202	74.29
203	72.38
204	70.48
205	68.57
206	66.67
207	64.76
208	62.86
209	60.95
210	60.00
211	60.00
212	60.00
213	60.00
214	60.00
215	60.00
216	60.00
217	60.00
218	60.00
219	60.00
220	60.00
221	60.00
222	60.00
223	60.00
224	60.00
225	60.00
226	60.00
227	60.00
228	60.00
229	60.00
230	60.00
231	60.00
232	60.00
233	60.00
234	60.00
235	60.00
236	60.00
237	60.00
238	60.00
239	60.00
240	60.00
241	60.00
242	60.00
243	60.00
244	60.00
245	60.00
246	60.00
247	60.00
248	60.00
249	60.00
250	60.00
251	60.00
252	60.00
253	60.00
254	60.00
255	60.00
256	60.00
257	60.00
