10 6.281
11 6.001
12 6.128
13 5.641
14 5.100
15 5.204
16 5.977
17 5.501
18 5.761
19 5.430
20 4.813
21 4.399
22 4.365
23 4.355
24 4.599
25 4.953
26 6.399
27 7.335
28 8.344
29 8.646
30 9.179
31 8.292
32 7.753
33 7.104
34 6.450
35 5.666
36 5.603
37 5.155
38 5.572
39 6.771
40 7.239
41 7.752
42 7.896
43 7.263
44 7.858
45 7.949
46 8.667
47 9.162
48 9.866
49 10.262
50 11.196
51 12.028
52 12.827
53 12.674
54 12.169
55 12.297
56 12.376
57 11.948
58 11.003
59 10.589
60 9.760
61 9.499
62 9.556
63 8.407
64 7.179
65 6.228
66 5.087
67 4.654
68 4.520
69 4.182
70 4.084
71 3.673
72 4.720
73 5.554
74 6.235
75 6.317
76 7.016
77 7.853
78 8.109
79 8.573
80 9.599
81 10.252
82 10.801
83 12.048
84 12.274
85 12.407
86 11.541
87 10.849
88 10.254
89 9.988
90 10.348
91 9.769
92 9.257
93 9.020
94 9.198
95 8.473
96 8.254
97 8.097
98 8.215
99 7.460
100 7.554
101 8.585
102 8.108
103 8.084
104 8.258
105 9.112
106 9.279
107 9.034
108 8.658
109 8.164
110 8.394
111 9.083
112 8.260
113 8.380
114 7.948
115 7.955
116 8.292
117 7.500
118 7.669
119 7.800
120 7.359
121 7.753
122 8.019
123 8.780
124 9.322
125 10.008
126 10.574
127 10.485
128 11.232
129 11.165
130 10.409
131 9.876
132 8.578
133 8.682
134 7.690
135 7.270
136 7.476
137 6.783
138 6.234
139 5.763
140 5.773
141 5.855
