10 1.833
11 1.521
12 1.291
13 1.644
14 2.327
15 2.724
16 4.069
17 4.689
18 5.934
19 6.251
20 6.885
21 7.694
22 8.558
23 9.522
24 10.018
25 9.907
26 9.738
27 10.693
28 10.683
29 10.298
30 10.977
31 11.082
32 10.922
33 11.176
34 11.167
35 10.611
36 10.374
37 9.746
38 9.918
39 9.214
40 9.578
41 9.192
42 8.535
43 8.822
44 9.282
45 9.584
46 9.546
47 10.372
48 10.774
49 10.260
50 10.170
51 9.401
52 9.631
53 9.773
54 10.476
55 10.440
56 10.080
57 9.052
58 8.325
59 7.411
60 7.997
61 8.391
62 9.515
63 11.044
64 11.883
65 12.062
66 12.117
67 11.469
68 11.114
69 11.221
70 11.544
71 11.794
72 12.635
73 12.986
74 14.090
75 14.238
76 14.412
77 14.692
78 14.521
79 13.722
80 13.903
81 13.160
82 12.898
83 12.829
84 13.013
85 12.254
86 11.405
87 11.282
88 10.320
89 9.720
90 9.231
91 9.249
92 9.323
93 9.519
94 9.502
95 9.345
96 9.406
97 9.023
98 9.512
99 9.299
100 9.122
101 9.540
102 9.669
103 9.427
104 9.464
105 9.790
106 9.600
107 9.459
108 10.112
109 10.186
110 9.910
111 10.211
112 10.401
113 11.599
114 11.722
115 11.190
116 11.159
117 10.438
118 10.593
119 10.738
120 10.013
121 9.711
122 9.654
123 9.808
124 10.392
125 9.779
126 9.804
127 9.120
128 8.861
129 9.391
130 8.916
131 8.326
132 8.319
133 8.245
134 8.933
135 9.439
136 9.603
137 9.778
138 10.131
139 9.711
140 10.029
141 9.670
142 9.374
143 8.688
144 8.738
145 8.235
146 8.392
147 7.926
148 7.371
149 8.226
150 8.499
151 8.021
152 8.675
153 8.427
154 7.999
155 8.419
156 8.431
157 8.713
158 9.108
159 9.077
160 10.351
161 10.824
162 11.440
163 11.660
164 11.598
165 10.752
166 10.848
167 9.923
168 9.004
169 8.422
170 7.724
171 6.719
172 6.126
173 6.500
174 6.881
175 7.509
176 7.549
177 7.563
178 7.916
179 7.459
180 8.216
181 8.030
182 7.745
183 8.177
184 7.769
185 7.295
186 8.029
187 8.025
188 7.837
189 8.412
190 9.306
191 9.632
192 9.351
193 8.783
194 8.364
195 9.043
196 9.727
197 10.272
198 10.927
199 11.123
200 11.892
201 12.767
202 13.079
203 14.065
204 13.763
205 13.410
206 12.627
207 12.906
208 12.330
209 12.544
210 12.934
211 13.127
212 12.423
213 12.058
214 10.446
215 9.940
216 8.872
217 8.955
218 8.187
219 7.688
220 7.066
221 7.073
222 5.959
223 6.486
224 5.801
225 6.471
226 5.788
227 6.376
228 5.808
229 6.132
230 6.119
231 6.324
232 6.381
233 7.625
234 7.826
235 9.066
236 8.822
237 9.300
238 9.836
239 10.293
240 9.639
241 10.273
242 9.881
243 10.282
244 10.039
245 10.724
246 11.070
247 12.121
248 11.635
249 11.768
250 12.676
251 13.303
252 12.835
253 12.665
254 12.119
255 11.821
256 11.245
257 10.535
258 10.430
259 9.531
260 8.383
261 8.005
262 6.676
263 6.032
264 6.004
265 5.854
266 5.764
267 6.448
268 6.878
269 7.441
270 7.018
271 7.734
272 7.306
273 7.492
274 7.115
275 7.716
276 7.232
277 6.509
278 6.261
279 6.561
280 6.248
281 6.941
282 7.889
283 8.094
284 9.122
285 9.779
286 9.928
287 10.524
288 10.270
289 10.418
290 10.290
291 10.817
292 10.103
293 10.355
294 10.712
295 11.277
296 11.358
297 11.445
298 11.391
299 11.614
300 11.130
301 10.383
302 10.161
303 9.358
304 9.378
305 9.849
306 9.762
307 10.241
308 10.237
309 10.813
310 10.423
311 10.802
312 10.660
313 11.288
314 11.377
315 11.205
316 10.512
317 10.269
318 9.191
319 9.215
320 8.459
321 8.143
322 8.125
323 7.618
324 8.130
325 8.067
326 8.004
327 8.723
328 8.071
329 8.845
330 9.074
331 9.349
332 8.423
333 7.966
334 7.567
335 7.944
336 6.921
337 6.597
338 6.831
339 6.860
340 6.647
341 7.187
342 8.242
343 8.909
344 10.156
345 11.718
346 12.133
347 13.227
348 13.973
349 13.419
350 12.770
351 11.868
352 11.630
353 11.861
354 11.690
355 12.099
356 12.099
357 11.602
358 11.983
359 11.713
360 10.992
361 9.881
362 9.019
363 7.691
