11	75.24
12	77.14
13	79.05
14	80.95
15	82.86
16	84.76
17	86.67
18	88.57
19	90.48
20	92.38
21	94.29
22	96.19
23	98.10
24	96.19
25	94.29
26	92.38
27	90.48
28	88.57
29	86.67
30	84.76
31	82.86
32	80.95
33	79.05
34	77.14
35	75.24
36	73.33
37	71.43
38	69.52
39	67.62
40	65.71
41	63.81
42	61.90
43	60.00
44	58.10
45	59.05
46	60.00
47	60.00
48	60.00
49	60.00
50	60.00
51	60.00
52	60.00
53	60.00
54	60.00
55	60.00
56	60.00
57	60.00
58	60.00
59	60.00
60	60.00
61	60.00
62	60.00
63	60.00
64	60.00
65	60.00
66	60.00
67	60.00
68	60.00
69	60.00
70	60.00
71	60.00
72	60.00
73	60.00
74	60.00
75	60.00
76	60.00
77	60.00
78	60.00
79	60.00
80	60.00
81	60.00
82	60.00
83	60.00
84	60.00
85	60.00
86	60.00
87	60.00
88	60.00
89	60.00
90	60.00
91	60.00
92	60.00
93	60.00
94	60.00
95	60.00
96	60.00
97	60.00
98	60.00
99	60.00
100	60.00
101	60.00
102	60.00
103	60.00
104	60.00
105	60.00
106	60.00
107	60.00
108	60.00
109	60.00
110	60.00
111	60.00
112	60.00
113	60.00
114	60.00
115	60.00
116	60.00
117	60.00
118	60.00
119	60.00
120	60.00
121	60.00
122	60.00
123	60.00
124	60.00
125	60.00
126	60.00
127	60.00
128	60.00
129	60.00
130	60.00
131	60.00
132	57.14
133	54.29
134	51.43
135	48.57
136	45.71
137	42.86
138	40.00
139	37.14
140	34.29
141	31.43
142	28.57
143	25.71
144	24.76
145	24.76
146	24.76
147	24.76
148	24.76
149	24.76
150	24.76
151	24.76
152	24.76
153	25.71
154	30.48
155	35.24
156	40.00
157	44.76
158	49.52
159	52.38
160	57.14
161	61.90
162	66.67
163	71.43
164	76.19
165	79.05
166	80.95
167	82.86
168	84.76
169	86.67
170	88.57
171	90.48
172	92.38
173	94.29
174	97.14
175	96.19
176	95.24
177	94.29
178	93.33
179	92.38
180	93.33
181	92.38
182	91.43
183	90.48
184	88.57
185	87.62
186	87.62
187	87.62
188	87.62
189	87.62
190	87.62
191	87.62
192	87.62
193	87.62
194	87.62
195	88.57
196	89.52
197	90.48
198	91.43
199	92.38
200	93.33
201	94.29
202	95.24
203	96.19
204	97.14
205	96.19
206	94.29
207	92.38
208	91.43
209	90.48
210	89.52
211	88.57
212	87.62
213	86.67
214	85.71
215	84.76
216	83.81
217	82.86
218	81.90
219	80.95
220	80.00
221	79.05
222	78.10
223	77.14
224	76.19
225	75.24
226	77.14
227	79.05
228	80.00
229	80.00
230	80.00
231	80.00
232	80.00
233	80.00
234	80.00
235	80.00
236	80.00
237	80.00
238	80.00
239	79.05
240	78.10
241	77.14
242	77.14
243	77.14
244	77.14
245	77.14
246	77.14
247	78.10
248	79.05
249	80.00
250	80.95
251	81.90
252	82.86
253	83.81
254	84.76
255	85.71
256	86.67
257	87.62
258	88.57
259	89.52
260	91.43
261	93.33
262	95.24
263	94.29
264	93.33
265	93.33
266	93.33
267	93.33
268	92.38
269	91.43
270	90.48
271	89.52
272	87.62
273	87.62
274	87.62
275	87.62
276	87.62
277	87.62
278	87.62
279	87.62
280	87.62
281	87.62
282	87.62
283	87.62
284	89.52
285	91.43
286	92.38
287	93.33
288	94.29
289	95.24
290	96.19
291	97.14
292	98.10
293	97.14
294	96.19
295	95.24
296	94.29
297	93.33
298	92.38
299	91.43
300	90.48
301	89.52
302	88.57
303	87.62
304	86.67
305	85.71
306	84.76
307	83.81
308	82.86
309	81.90
310	80.95
311	80.00
312	79.05
313	78.10
314	80.00
315	80.00
316	80.00
317	80.00
318	80.00
319	80.00
320	80.00
321	80.00
322	78.10
323	79.05
324	80.00
325	80.95
326	81.90
327	82.86
328	83.81
329	84.76
330	85.71
331	86.67
332	87.62
333	88.57
334	89.52
335	90.48
336	91.43
337	92.38
338	93.33
339	94.29
340	95.24
341	96.19
342	97.14
343	99.05
344	96.19
345	95.24
346	94.29
347	93.33
348	92.38
349	91.43
350	90.48
351	89.52
352	88.57
353	87.62
354	86.67
