10 9.683
11 10.306
12 10.367
13 10.165
14 10.637
15 10.458
16 10.039
17 9.389
18 9.384
19 8.895
20 8.910
21 8.634
22 9.148
23 9.390
24 9.689
25 9.312
26 10.134
27 10.344
28 11.106
29 12.218
30 12.686
31 12.967
32 13.220
33 13.536
34 13.432
35 13.131
36 13.492
37 13.064
38 12.918
39 12.529
40 12.853
41 13.547
42 13.046
43 12.673
44 13.683
45 13.089
46 13.074
47 13.220
48 13.096
49 12.712
50 13.181
51 13.054
52 12.666
53 13.360
54 12.957
55 12.263
56 12.028
57 11.815
58 11.246
59 10.098
60 8.718
61 7.906
62 6.731
63 5.120
64 3.597
65 1.929
66 1.056
67 0.002
68 0.268
69 0.047
70 -0.190
71 -0.261
72 -1.010
73 -0.854
74 -0.109
75 1.218
76 1.769
77 2.509
78 3.656
79 4.723
80 5.254
81 6.608
82 7.516
83 8.206
84 8.788
85 8.912
86 9.287
87 9.143
88 9.381
89 9.752
90 9.502
91 9.112
92 8.901
93 8.266
94 7.474
95 7.676
96 7.722
97 7.924
98 8.068
99 8.346
100 8.564
101 9.167
102 9.408
103 10.239
104 10.286
105 10.300
106 10.162
107 9.592
108 9.353
109 9.046
110 8.828
111 8.214
112 7.527
113 7.294
114 6.252
115 6.275
116 5.965
117 6.255
118 6.835
119 6.982
120 6.939
121 7.731
122 8.716
123 9.988
124 10.646
125 11.559
126 12.773
127 12.494
128 12.376
129 12.766
130 12.603
131 12.367
132 11.146
133 10.503
134 9.894
135 9.993
136 9.987
137 9.443
138 9.281
139 9.577
140 9.548
141 8.907
142 8.638
143 9.017
144 9.095
145 8.548
146 9.621
147 9.701
148 9.997
149 9.862
150 9.484
151 10.440
152 10.586
153 10.708
154 10.322
155 9.322
156 8.932
157 8.118
158 7.169
159 6.619
160 6.699
161 7.657
162 7.499
163 7.797
164 7.857
165 6.799
166 6.672
167 6.697
168 6.924
169 7.200
170 7.148
171 7.445
172 8.194
173 8.897
174 10.014
175 10.613
176 10.901
177 11.363
178 11.669
179 11.389
180 11.305
181 12.053
182 11.591
183 11.633
184 11.973
185 11.722
186 11.623
187 11.343
188 10.810
189 11.478
190 11.951
191 11.573
192 11.863
193 12.487
194 12.408
195 11.925
196 11.377
197 10.583
198 10.457
199 10.591
200 10.131
201 10.880
202 11.005
203 11.356
204 11.512
205 11.485
206 12.117
207 12.155
208 11.925
209 12.409
210 13.386
211 13.340
212 13.067
213 12.874
214 12.647
215 12.362
216 12.196
217 11.480
218 11.006
219 10.909
220 10.205
221 9.418
222 9.469
223 10.260
224 10.606
225 10.728
226 11.665
227 11.490
228 10.926
229 10.517
230 10.740
231 10.987
232 11.353
233 11.557
234 11.714
235 11.981
236 12.226
237 12.739
238 13.240
239 13.592
240 14.087
241 13.470
242 12.853
243 12.740
244 13.073
245 13.304
246 13.450
247 13.584
248 13.741
249 13.432
250 12.297
251 11.325
252 11.240
253 10.890
254 10.577
255 11.004
256 11.380
257 11.205
258 11.316
259 11.308
260 11.720
261 11.495
262 11.443
263 11.511
264 11.236
265 10.993
266 11.563
267 11.972
268 12.079
269 12.408
270 12.867
271 12.731
272 12.868
273 12.914
274 11.983
275 10.762
276 10.476
277 9.632
278 8.594
279 7.984
280 8.020
281 7.835
282 7.005
283 7.149
284 7.816
285 7.444
286 7.035
287 7.819
288 8.674
289 8.736
290 8.882
291 8.385
292 8.340
293 8.333
294 8.814
295 9.304
296 9.601
297 9.947
298 10.130
299 10.272
300 10.303
301 10.790
302 11.259
303 11.761
304 13.001
305 14.194
306 14.354
307 14.535
308 15.277
309 15.256
310 16.067
311 15.250
312 15.257
313 13.848
314 13.458
315 13.018
316 12.501
317 12.150
318 11.810
319 11.856
320 12.148
321 12.306
322 12.913
323 13.006
324 13.327
325 14.268
326 14.342
327 14.031
328 14.556
329 14.100
330 14.374
331 13.878
332 13.543
333 12.175
334 11.711
335 10.288
336 9.756
337 9.103
338 8.458
339 8.277
340 7.807
341 8.102
342 8.615
343 9.183
344 9.153
345 9.719
346 10.006
347 9.123
348 8.762
349 8.542
350 8.005
351 7.682
352 8.155
353 7.620
354 7.990
355 7.645
356 7.190
357 6.696
358 5.862
359 5.568
360 5.079
361 4.995
362 4.598
363 4.884
364 5.910
365 6.647
366 7.774
367 8.200
368 8.513
369 9.126
370 9.414
371 9.846
372 9.625
373 9.052
374 8.631
375 9.109
376 9.305
377 9.629
378 8.951
379 8.373
380 8.045
381 8.580
382 8.576
383 9.123
384 9.901
385 9.450
386 9.777
387 10.597
388 11.298
389 11.606
