10 12.614
11 12.718
12 12.292
13 12.379
14 12.399
15 11.773
16 10.408
17 9.681
18 8.074
19 6.239
20 4.477
21 2.846
22 2.291
23 1.038
24 0.550
25 -0.116
26 -0.716
27 -0.520
28 -1.567
29 -1.372
30 -0.633
31 0.670
32 1.201
33 1.869
34 3.338
35 4.497
36 5.114
37 6.454
38 7.811
39 8.414
40 9.112
41 9.307
42 10.050
43 9.781
44 9.894
45 10.064
46 9.207
47 8.780
48 8.409
49 8.300
50 7.595
51 8.060
52 8.215
53 8.195
54 8.462
55 8.785
56 9.110
57 8.971
58 9.351
59 10.002
60 9.963
61 10.007
62 10.060
63 9.798
64 9.784
65 9.636
66 9.432
67 8.656
68 7.279
69 6.804
70 5.587
71 5.578
72 5.282
73 5.594
74 6.307
75 6.500
76 6.939
77 7.731
78 8.716
79 9.988
80 10.646
81 11.559
82 12.483
83 12.250
84 12.203
85 12.690
86 12.638
87 12.518
88 11.408
89 10.854
90 10.294
91 10.397
92 10.366
93 9.754
94 9.496
95 9.621
96 8.796
97 7.899
98 7.541
99 7.998
100 8.163
101 8.243
102 9.727
103 9.956
104 10.092
105 9.982
106 9.333
107 9.885
108 9.728
109 9.528
110 8.841
111 7.731
112 7.356
113 6.798
114 6.320
115 6.841
116 6.984
117 7.771
118 7.530
119 7.816
120 7.860
121 6.817
122 6.809
123 6.912
124 7.250
125 7.630
126 8.127
127 8.357
128 8.925
129 9.406
130 10.269
131 10.622
132 10.723
133 11.020
134 11.222
135 11.157
136 11.066
137 11.577
138 11.147
139 11.240
140 11.627
141 11.356
142 11.245
143 10.860
144 10.175
145 10.013
146 10.241
147 9.549
148 9.607
149 10.053
150 10.492
151 9.999
152 9.573
153 9.072
154 9.293
155 9.645
156 9.772
157 10.657
158 10.853
159 11.462
160 11.913
161 12.425
162 12.669
163 12.854
164 13.296
165 13.279
166 14.031
167 13.816
168 13.750
169 12.682
170 12.429
171 11.763
172 11.281
173 10.198
174 9.437
175 9.444
176 9.543
177 9.670
178 9.294
179 10.238
180 10.421
181 11.500
182 12.447
183 12.792
184 13.028
185 12.809
186 13.703
187 13.601
188 14.112
189 14.477
190 14.822
191 14.967
192 14.881
193 14.763
194 15.018
195 15.221
196 15.148
197 15.438
198 14.463
199 13.532
200 12.946
201 12.742
202 12.004
203 11.991
204 12.520
205 12.282
206 12.645
207 11.891
208 11.183
209 10.951
210 10.405
211 10.055
212 10.167
213 10.296
214 9.314
215 9.253
216 10.015
217 10.966
218 11.273
219 11.663
220 11.994
221 12.387
222 11.949
223 12.239
224 12.540
225 11.900
226 12.151
227 12.800
228 12.822
229 13.165
230 13.616
231 13.798
232 12.990
233 13.384
234 13.241
235 12.108
236 11.812
237 11.961
238 11.850
239 11.494
240 10.684
241 10.836
242 10.067
243 9.401
244 9.075
245 9.539
246 9.548
247 9.616
248 9.534
249 9.216
250 9.417
251 9.929
252 10.499
253 10.379
254 11.412
255 11.772
256 11.874
257 11.550
258 11.321
259 11.862
260 11.900
261 11.418
262 11.329
263 11.993
264 11.779
265 12.202
266 12.232
267 13.347
268 14.642
269 14.674
270 15.528
271 15.042
272 15.434
273 14.351
274 14.114
275 13.786
276 13.370
277 12.693
278 12.188
279 11.907
280 11.820
281 11.627
282 11.812
283 11.927
284 11.888
285 12.396
286 12.295
287 11.955
288 12.640
289 12.664
290 13.373
291 13.383
292 13.368
293 12.086
294 11.803
295 11.347
296 11.166
297 10.602
298 9.924
299 9.541
300 8.807
301 8.868
302 9.133
303 9.677
304 9.873
305 10.537
306 10.957
307 10.233
308 10.115
309 10.137
310 9.770
311 9.497
312 9.811
313 9.040
314 8.409
315 7.956
316 7.389
317 6.788
318 5.862
319 5.503
320 4.959
321 4.995
322 4.598
323 4.884
324 5.910
325 6.647
326 7.510
327 7.870
328 8.066
329 8.578
330 8.748
331 9.047
332 9.163
333 8.452
334 7.944
335 8.360
336 8.469
337 8.870
338 8.389
339 8.100
340 8.081
341 8.846
342 8.932
343 9.615
344 10.406
345 10.382
346 10.634
347 11.388
348 11.931
349 12.109
