10 9.190
11 8.949
12 8.798
13 8.938
14 8.822
15 8.581
16 8.302
17 8.850
18 8.898
19 8.728
20 7.506
21 6.509
22 6.883
23 7.228
24 7.351
25 7.484
26 8.184
27 8.117
28 8.706
29 9.409
30 9.970
31 10.431
32 10.249
33 10.440
34 10.917
35 11.143
36 10.166
37 9.204
38 8.236
39 8.265
40 7.661
41 6.563
42 5.599
43 5.080
44 4.412
45 3.913
46 3.860
47 2.812
48 2.265
49 1.807
50 1.433
51 2.048
52 2.161
53 1.751
54 1.689
55 2.078
56 2.534
57 2.694
58 2.626
59 3.140
60 3.961
61 3.957
62 4.446
63 4.380
64 3.823
65 3.840
66 3.895
67 4.290
68 4.667
69 4.669
70 3.791
71 4.228
72 4.200
73 3.883
74 3.465
75 2.904
76 2.988
77 3.074
78 3.300
79 2.744
80 3.393
81 3.245
82 3.984
83 4.043
84 3.937
85 3.679
86 3.023
87 2.907
88 2.488
89 2.873
90 1.699
91 1.766
92 1.617
93 1.517
94 1.154
95 0.658
96 0.514
97 0.045
98 0.192
99 -0.447
100 -0.157
101 0.113
102 0.760
103 1.545
104 2.139
105 3.780
106 4.259
107 5.048
108 5.320
109 6.204
110 6.576
111 7.067
112 7.397
113 7.588
114 7.871
115 7.605
116 7.226
117 6.791
118 6.881
119 6.921
120 6.526
