10 5.612
11 5.314
12 3.795
13 2.331
14 1.557
15 0.628
16 -0.413
17 -0.906
18 -1.025
19 -1.710
20 -1.267
21 -1.441
22 -0.885
23 -0.644
24 -0.643
25 0.037
26 0.097
27 0.731
28 1.458
29 1.900
30 2.177
31 3.237
32 3.553
33 4.659
34 5.344
35 5.995
36 6.847
37 8.139
38 8.900
39 8.983
40 10.270
41 10.883
42 11.235
43 12.418
44 12.697
45 13.203
46 12.776
47 12.957
48 12.545
49 11.629
50 10.831
51 11.343
52 11.282
53 11.379
54 11.671
55 11.042
56 10.245
57 10.147
58 9.641
59 9.087
60 8.329
61 8.433
62 8.241
63 7.744
64 8.412
65 8.955
66 8.740
67 9.182
68 9.558
69 10.241
70 11.141
71 10.953
72 11.268
73 11.370
74 12.015
75 11.244
76 10.130
77 10.413
78 9.888
79 9.273
80 9.341
81 9.119
82 9.791
83 9.775
84 10.944
85 11.423
86 11.484
87 11.992
88 11.656
89 11.588
90 11.489
91 11.836
92 12.125
93 11.265
94 11.031
95 10.500
96 10.038
97 9.547
98 9.984
99 10.117
100 9.440
101 8.539
102 7.731
103 7.263
104 7.985
105 8.495
106 8.038
107 8.561
108 7.931
109 8.705
110 8.746
111 9.033
112 9.421
113 9.410
114 9.921
115 9.184
116 9.392
117 9.768
118 10.234
119 10.849
120 11.483
121 12.522
122 12.168
123 12.262
124 11.451
125 11.387
126 10.531
127 10.511
128 9.409
129 9.511
130 9.380
131 9.813
132 10.544
133 10.127
134 10.778
135 10.311
136 9.421
137 9.411
138 9.925
139 9.485
140 8.951
141 8.880
142 8.033
143 8.133
144 7.504
145 6.546
146 5.277
147 4.794
148 3.763
149 3.817
150 3.568
151 2.687
152 3.066
153 3.211
154 3.565
155 3.582
156 2.798
157 1.873
158 2.115
159 2.324
160 2.532
161 2.672
162 2.574
163 3.063
164 3.222
165 3.364
166 3.322
167 2.669
168 1.464
169 0.564
170 1.050
171 1.215
172 0.924
173 1.305
174 1.785
175 2.401
176 3.394
177 3.606
178 3.851
179 4.445
180 4.754
181 5.128
182 5.110
183 5.038
184 4.872
185 4.774
186 4.771
187 4.971
188 4.293
189 3.141
190 2.308
191 1.753
192 1.525
193 1.164
194 0.599
195 0.240
196 0.122
197 0.265
198 -0.087
199 0.024
200 0.128
201 -0.114
202 -0.510
203 -0.022
204 0.281
205 0.646
206 0.382
207 1.575
208 2.358
209 2.616
210 3.031
211 3.414
212 4.077
213 4.816
214 5.005
215 5.768
216 6.249
217 6.865
218 6.563
219 7.092
220 6.892
221 6.874
222 6.560
223 5.753
224 6.044
225 6.793
226 7.057
227 7.308
228 8.250
229 8.588
230 8.093
231 8.671
232 9.452
233 9.450
234 9.040
235 9.052
236 8.014
237 8.059
238 7.306
239 7.180
240 6.838
241 5.626
242 5.768
243 4.835
244 3.724
245 2.818
246 2.535
247 2.526
248 2.661
249 2.221
250 1.314
251 0.345
252 0.242
253 0.233
254 -0.237
255 0.413
256 0.847
257 0.539
258 0.221
259 0.254
260 0.244
261 -0.207
262 0.274
263 0.487
264 1.070
265 1.369
266 1.173
267 1.252
268 1.944
269 2.197
270 2.388
271 2.709
272 3.021
273 3.273
274 3.888
275 3.657
276 3.858
277 3.913
278 3.130
279 2.525
280 1.823
281 1.342
282 1.211
283 0.516
284 0.633
285 0.399
286 -0.006
287 -0.098
288 -0.147
289 -0.095
290 -0.219
291 0.555
292 1.467
293 1.646
294 2.727
295 3.405
296 3.613
297 4.467
298 4.686
299 5.054
300 4.454
301 3.900
302 3.376
303 3.384
304 3.408
305 3.973
306 4.326
307 5.050
308 5.327
309 6.131
310 6.080
311 5.763
312 5.921
313 5.692
314 6.368
315 7.133
316 6.969
317 6.912
318 6.105
319 6.617
320 7.125
321 8.057
322 7.744
323 7.376
324 7.528
325 7.041
326 6.074
327 5.463
328 4.070
329 3.361
330 2.947
331 1.997
332 1.269
333 0.143
334 -0.930
335 -0.879
336 -1.381
337 -1.491
338 -2.369
339 -2.933
340 -3.650
341 -3.034
342 -1.465
343 -1.296
344 -0.740
