10 8.763
11 8.758
12 7.961
13 7.401
14 6.955
15 6.410
16 5.197
17 3.664
18 3.382
19 2.948
20 3.026
21 2.319
22 2.024
23 2.119
24 2.066
25 2.877
26 2.605
27 3.231
28 3.643
29 4.247
30 4.130
31 4.904
32 5.190
33 5.958
34 6.500
35 6.601
36 7.140
37 7.073
38 7.475
39 7.120
40 7.093
41 6.770
42 6.233
43 5.371
44 3.843
45 3.379
46 1.444
47 0.394
48 -0.689
49 -1.185
50 -1.872
51 -2.328
52 -2.024
53 -2.064
54 -1.768
55 -1.761
56 -1.631
57 -1.597
58 -1.572
59 -0.843
60 -0.241
61 -0.211
62 -0.010
63 0.069
64 -0.235
65 0.273
66 1.455
67 2.372
68 3.286
69 3.526
70 3.672
71 3.087
72 2.738
73 2.592
74 2.158
75 1.715
76 1.241
77 0.535
78 -0.953
79 -2.019
80 -1.785
81 -1.340
82 -1.099
83 -0.531
84 -0.215
85 -0.734
86 -0.416
87 -0.674
88 -0.598
89 -0.527
90 -0.365
91 -0.368
92 -0.860
93 -0.811
94 -0.761
95 -0.173
96 0.003
97 0.324
98 1.085
99 1.676
100 1.532
101 1.596
102 1.694
103 1.814
104 1.901
105 1.695
106 1.890
107 2.317
108 3.075
109 3.687
110 4.008
